0 504
0 325
0 50
0 203
0 544
0 13
0 571
0 573
0 440
0 494
0 165
0 71
0 546
0 141
0 243
0 594
0 47
0 302
0 376
0 130
0 495
0 200
0 554
0 61
0 489
0 257
0 454
0 11
0 491
0 458
0 520
0 153
0 266
0 171
0 178
0 384
0 221
0 602
0 378
0 52
0 548
0 436
0 417
0 22
0 333
0 199
0 398
0 375
0 415
0 151
0 464
0 121
0 181
0 253
0 425
0 73
0 186
0 19
0 138
0 582
0 350
0 412
0 277
0 16
0 29
0 500
0 55
0 202
0 318
0 578
0 487
0 96
0 556
0 470
0 344
0 389
0 92
0 420
0 529
0 107
0 321
0 232
0 599
0 341
0 169
0 369
0 564
0 396
0 0
0 281
0 580
0 442
0 501
0 490
0 441
0 461
0 524
0 147
0 159
0 251
0 312
0 519
0 585
0 278
0 41
0 40
0 363
0 346
0 515
0 94
0 208
0 435
0 552
0 265
0 361
0 439
0 306
0 287
0 320
0 596
0 119
0 413
0 194
0 525
0 127
0 39
0 34
0 399
0 201
0 543
0 483
0 477
0 123
0 575
0 394
0 598
0 493
0 386
0 533
0 140
0 95
0 174
0 128
0 542
0 478
0 255
0 456
0 267
0 32
0 469
0 230
0 35
0 93
0 111
0 297
0 23
0 310
0 81
0 406
0 296
0 418
0 101
0 523
0 109
0 448
0 541
0 289
0 162
0 4
0 240
0 28
0 295
0 249
0 314
0 377
0 197
0 382
0 393
0 158
0 323
0 311
0 534
0 308
0 233
0 160
0 527
0 434
0 572
0 381
0 133
0 340
0 241
0 327
0 167
0 114
0 166
0 604
0 38
0 583
0 362
0 365
0 59
0 315
0 185
0 125
0 581
0 416
0 74
0 485
0 226
0 64
0 46
0 550
0 368
0 419
0 263
0 218
0 48
0 385
0 429
0 466
0 214
0 397
0 156
0 60
0 559
0 531
0 518
0 117
0 569
0 301
0 367
0 462
0 409
0 14
0 395
0 355
0 319
0 294
0 338
0 152
0 183
0 274
0 273
0 248
0 54
0 242
0 113
0 129
0 443
0 329
0 246
0 26
0 168
0 460
0 118
0 423
0 342
0 317
0 184
0 547
0 209
0 372
0 288
0 91
0 196
0 275
0 285
0 258
0 24
0 584
0 219
0 503
0 82
1 76
1 538
1 205
1 535
1 307
1 137
1 43
1 506
1 380
1 574
1 586
1 27
1 401
1 51
1 106
1 262
1 332
1 182
1 353
1 235
1 112
1 597
1 1
1 540
1 250
1 192
1 566
1 31
1 334
1 476
1 331
1 536
1 432
1 18
1 479
1 304
1 437
1 410
1 271
1 272
1 77
1 142
1 551
1 577
1 270
1 390
1 492
1 15
1 591
1 161
1 324
1 188
1 62
1 428
1 36
1 90
1 592
1 228
1 510
1 589
1 300
1 427
1 259
1 260
1 195
1 144
1 468
1 49
1 155
1 570
1 210
1 283
1 351
1 545
1 438
1 190
1 5
1 349
1 286
1 505
1 280
1 339
1 6
1 601
1 149
1 120
1 157
1 371
1 537
1 539
1 58
1 336
1 405
1 379
1 360
1 252
1 3
1 414
1 482
1 366
1 213
1 451
1 549
1 557
1 475
1 465
1 511
1 603
1 173
1 595
1 291
1 163
1 268
1 234
1 421
1 431
1 88
1 593
1 447
1 116
1 176
1 124
1 484
1 433
1 86
1 514
1 387
1 590
1 102
1 193
1 446
1 563
1 472
1 42
1 587
1 207
1 282
1 576
1 264
1 343
1 512
1 330
1 215
1 98
1 87
1 216
1 211
1 305
1 37
1 326
1 238
1 407
1 408
1 499
1 486
1 322
1 588
1 502
1 30
1 279
1 455
1 229
1 404
1 474
1 313
1 66
1 284
1 298
1 388
1 560
1 345
1 237
1 497
1 17
1 579
1 105
1 69
1 189
1 154
1 247
1 471
1 8
1 227
1 453
1 457
1 359
1 191
1 293
1 481
1 70
1 480
1 522
1 391
1 108
1 357
1 2
1 25
1 172
1 400
1 132
1 568
1 558
1 411
1 57
1 507
1 449
1 309
1 145
1 100
1 402
1 231
1 459
1 555
1 97
1 135
1 139
1 254
1 68
1 150
1 473
1 553
1 528
1 316
1 403
1 373
1 44
1 565
1 450
1 605
1 508
1 110
1 83
1 89
1 444
1 532
1 452
1 276
1 364
1 496
1 9
1 356
1 7
1 204
1 239
1 358
1 175
1 143
1 136
1 374
1 561
1 445
1 224
1 84
1 217
1 352
1 198
1 187
1 103
1 21
1 75
1 67
1 85
1 422
1 222
1 212
1 134
1 12
1 63
1 131
1 180
