0 213
0 258
0 26
0 131
0 57
0 233
0 385
0 6
0 353
0 2
0 28
0 134
0 562
0 44
0 0
0 184
0 317
0 119
0 262
0 368
0 108
0 259
0 323
0 95
0 186
0 499
0 193
0 65
0 194
0 85
0 129
0 244
0 215
0 498
0 12
0 328
0 122
0 253
0 22
0 392
0 8
0 5
0 118
0 117
0 32
0 441
0 23
0 9
0 352
0 35
0 75
0 274
0 282
0 300
0 41
0 252
0 162
0 254
0 370
0 214
0 56
0 16
0 261
0 177
0 77
0 218
0 171
0 280
0 517
0 121
0 393
0 38
0 72
0 210
0 199
0 82
0 408
0 400
0 201
0 172
0 329
0 272
0 212
0 219
0 205
0 27
0 198
0 564
0 255
0 43
0 366
0 24
0 536
0 389
0 100
0 250
0 446
0 565
0 83
0 521
0 365
0 25
0 168
0 30
0 337
0 47
0 330
0 514
0 414
0 135
0 501
0 73
0 373
0 15
0 126
0 339
0 433
0 207
0 435
0 237
0 516
0 11
0 39
0 451
0 257
0 141
0 533
0 264
0 29
0 42
0 146
0 460
0 297
0 156
0 31
0 127
0 17
0 70
0 239
0 202
0 3
0 203
0 351
0 196
0 566
0 321
0 91
0 164
0 167
0 161
0 503
0 256
0 182
0 283
0 379
0 94
0 449
0 223
0 461
0 34
0 492
0 302
0 62
0 468
0 197
0 417
0 4
0 372
0 343
0 7
0 138
0 444
0 430
0 45
0 86
0 13
0 87
0 479
0 229
0 489
0 181
0 230
0 509
0 236
0 14
0 432
0 265
0 18
0 260
0 487
1 439
1 491
1 425
1 558
1 390
1 271
1 495
1 149
1 150
1 504
1 157
1 37
1 140
1 556
1 20
1 383
1 380
1 331
1 480
1 527
1 139
1 336
1 405
1 423
1 552
1 559
1 367
1 410
1 541
1 476
1 69
1 287
1 497
1 507
1 225
1 310
1 401
1 248
1 227
1 318
1 217
1 457
1 474
1 459
1 455
1 115
1 279
1 381
1 530
1 463
1 286
1 245
1 153
1 371
1 357
1 448
1 402
1 511
1 493
1 306
1 377
1 413
1 128
1 163
1 560
1 288
1 442
1 165
1 104
1 158
1 484
1 232
1 453
1 312
1 452
1 424
1 295
1 285
1 89
1 540
1 154
1 396
1 60
1 59
1 454
1 169
1 174
1 88
1 534
1 66
1 316
1 420
1 409
1 304
1 436
1 528
1 428
1 289
1 320
1 426
1 434
1 551
1 79
1 561
1 543
1 437
1 299
1 292
1 311
1 97
1 465
1 394
1 221
1 247
1 251
1 281
1 326
1 485
1 526
1 529
1 269
1 267
1 204
1 155
1 397
1 546
1 275
1 51
1 515
1 416
1 524
1 294
1 102
1 178
1 429
1 303
1 362
1 226
1 523
1 228
1 519
1 555
1 440
1 90
1 71
1 21
1 388
1 349
1 347
1 63
1 106
1 192
1 458
1 483
1 382
1 159
1 296
1 266
1 506
1 200
1 391
1 360
1 103
1 293
1 363
1 355
1 145
1 238
1 109
1 211
1 415
1 309
1 191
1 345
1 545
1 398
1 101
1 307
1 470
1 246
1 387
1 488
1 189
1 332
1 464
1 406
1 241
1 550
1 152
1 170
1 407
1 399
1 112
1 206
1 508
1 547
1 386
1 298
1 340
1 384
1 58
1 359
1 160
1 268
1 510
1 137
1 333
1 308
1 505
1 176
1 216
1 136
1 522
1 144
1 249
1 46
1 124
1 467
1 96
1 496
1 148
1 130
1 418
1 466
1 531
1 469
1 341
1 123
1 538
1 500
1 364
1 68
1 450
1 50
1 322
1 325
1 92
1 525
1 462
1 473
1 445
1 422
1 147
1 477
1 548
1 374
1 52
1 291
1 350
1 537
1 342
1 344
1 502
1 284
1 143
1 313
1 358
1 443
1 235
1 114
1 431
1 539
1 532
1 305
1 378
1 98
1 187
1 513
1 412
1 93
1 447
1 242
1 553
1 327
1 301
1 67
1 568
1 188
1 166
1 290
1 80
1 549
1 240
1 315
1 234
1 471
1 361
1 173
1 404
1 142
1 120
1 421
1 222
1 183
1 125
1 427
1 395
1 338
1 175
1 346
1 490
1 520
1 276
1 19
1 133
1 542
1 375
1 494
1 55
1 544
1 243
1 334
1 49
1 419
1 220
1 278
1 557
1 376
1 486
1 270
1 456
