0 138
0 177
0 63
0 220
0 203
0 5
0 152
0 485
0 263
0 374
0 445
0 329
0 8
0 171
0 499
0 2
0 112
0 534
0 23
0 311
0 568
0 479
0 122
0 550
0 466
0 480
0 304
0 149
0 153
0 54
0 424
0 151
0 426
0 407
0 182
0 39
0 245
0 115
0 446
0 398
0 448
0 207
0 141
0 90
0 210
0 355
0 58
0 536
0 378
0 468
0 460
0 353
0 43
0 368
0 224
0 418
0 140
0 42
0 384
0 173
0 518
0 222
0 106
0 561
0 131
0 217
0 554
0 469
0 285
0 183
0 102
0 434
0 327
0 18
0 189
0 411
0 66
0 273
0 483
0 281
0 533
0 463
0 414
0 244
0 164
0 504
0 157
0 82
0 178
0 65
0 386
0 211
0 443
0 352
0 233
0 340
0 392
0 277
0 234
0 181
0 419
0 238
0 431
0 360
0 440
0 525
0 166
0 123
0 412
0 59
0 357
0 342
0 155
0 247
0 148
0 214
0 144
0 506
0 323
0 184
0 197
0 20
0 103
0 505
0 174
0 161
0 256
0 395
0 67
0 258
0 99
0 387
0 91
0 408
0 403
0 503
0 319
0 315
0 135
0 231
0 100
0 105
0 471
0 85
0 379
0 176
0 228
0 300
0 410
0 437
0 36
0 60
0 548
0 45
0 27
0 287
0 495
0 515
0 333
0 478
0 508
0 17
0 481
0 69
0 409
0 72
0 486
0 312
0 439
0 25
0 334
0 28
0 413
0 268
0 209
0 199
0 130
0 436
0 97
0 391
0 522
0 493
0 290
0 492
0 482
0 252
0 143
0 501
0 56
0 405
0 64
0 339
0 308
0 132
0 191
0 175
0 324
0 450
0 94
0 257
0 298
0 165
0 544
0 363
0 269
0 404
0 462
0 201
0 180
0 74
0 274
0 383
0 55
0 376
0 87
0 317
0 456
0 113
0 159
0 417
0 128
0 332
0 562
0 267
0 305
0 461
0 278
0 438
0 70
0 126
0 552
0 21
0 227
0 271
0 318
0 206
0 40
0 6
0 262
0 145
0 1
0 511
0 125
0 81
0 543
0 12
0 375
0 185
0 528
0 236
0 310
0 104
0 204
0 107
0 48
0 259
0 367
0 170
0 422
0 243
0 347
0 372
0 76
0 129
0 535
0 251
0 325
0 406
0 80
0 527
0 394
0 296
0 13
0 385
0 47
0 350
0 477
0 421
0 416
0 275
0 459
0 567
0 124
0 484
0 299
0 186
0 156
0 388
0 489
0 68
0 513
0 26
0 61
0 286
0 280
0 521
0 498
0 473
0 226
0 559
0 111
0 467
0 507
0 225
0 255
0 491
0 390
0 117
0 276
0 215
0 248
0 95
0 133
0 297
0 558
0 382
0 292
0 239
0 192
0 551
0 529
0 249
0 229
0 542
0 98
0 51
0 15
0 84
0 472
0 34
0 335
0 452
0 369
0 380
0 451
0 213
0 354
0 9
0 429
0 430
0 444
0 88
0 302
0 240
0 32
0 264
0 7
0 420
0 37
0 569
0 200
0 399
0 537
0 237
0 136
0 539
0 423
0 4
0 208
0 62
0 116
0 270
0 75
0 78
0 338
0 46
0 465
0 526
0 381
0 313
0 425
0 109
0 114
0 359
0 541
0 370
0 447
0 169
0 303
0 316
0 162
0 235
0 396
0 487
0 362
0 336
0 510
0 230
0 188
0 163
0 11
0 301
0 119
0 563
0 524
0 454
0 377
0 344
0 216
0 241
0 337
0 35
0 221
0 566
0 321
0 158
0 29
0 146
0 358
0 150
0 540
0 458
0 464
0 565
0 519
0 187
0 291
0 295
0 523
0 190
0 366
0 427
0 288
0 371
0 309
0 343
0 101
0 44
0 402
0 393
0 283
0 49
0 564
0 530
0 0
0 120
0 33
0 232
0 509
0 108
0 549
0 476
0 265
0 30
0 272
0 455
0 555
0 389
0 14
0 223
0 494
0 570
0 284
0 154
0 364
0 253
0 331
0 137
0 475
0 31
0 520
0 260
0 531
0 110
0 194
0 553
0 517
0 514
0 246
0 52
0 348
0 442
0 435
0 496
0 307
0 474
0 356
0 179
0 86
0 488
0 41
0 202
0 556
0 432
0 147
0 557
0 57
0 453
0 415
0 92
0 293
0 193
0 71
0 326
0 254
0 73
0 328
0 282
0 500
0 195
0 400
0 449
0 198
0 242
0 441
0 93
0 322
0 546
0 22
0 512
0 345
0 497
0 10
1 608
1 712
1 774
1 902
1 878
1 903
1 722
1 574
1 718
1 876
1 929
1 677
1 865
1 864
1 586
1 682
1 656
1 606
1 841
1 868
1 776
1 726
1 792
1 572
1 594
1 616
1 653
1 633
1 724
1 790
1 706
1 914
1 771
1 857
1 749
1 589
1 620
1 891
1 610
1 925
1 643
1 646
1 789
1 663
1 717
1 686
1 619
1 605
1 701
1 762
1 856
1 832
1 897
1 788
1 906
1 727
1 689
1 855
1 892
1 877
1 848
1 645
1 872
1 698
1 699
1 623
1 733
1 760
1 881
1 671
1 597
1 751
1 894
1 700
1 629
1 785
1 599
1 773
1 638
1 713
1 704
1 741
1 834
1 829
1 636
1 679
1 720
1 618
1 731
1 658
1 579
1 607
1 716
1 879
1 714
1 624
1 744
1 632
1 587
1 870
1 754
1 730
1 770
1 743
1 655
1 734
1 621
1 919
1 889
1 639
1 845
1 836
1 666
1 651
1 753
1 737
1 823
1 735
1 759
1 867
1 640
1 767
1 719
1 611
1 828
1 709
1 681
1 591
1 707
1 742
1 710
1 923
1 615
1 911
1 824
1 915
1 849
1 705
1 821
1 858
1 847
1 625
1 921
1 673
1 688
1 580
1 609
1 660
1 922
1 827
1 661
1 885
1 802
1 583
1 822
1 905
1 746
1 769
1 910
1 757
1 860
1 752
1 805
1 598
1 927
1 765
1 780
1 577
1 670
1 886
1 826
1 736
1 825
1 787
1 603
1 696
1 814
1 816
1 702
1 667
1 928
1 853
1 628
1 675
1 772
1 861
1 918
1 926
1 578
1 617
1 687
1 854
1 723
1 582
1 635
1 685
1 813
1 703
1 584
1 908
1 659
1 896
1 798
1 904
1 588
1 819
1 711
1 812
1 601
1 804
1 875
1 839
1 692
1 715
1 909
1 740
1 573
1 846
1 800
1 818
1 672
1 756
1 595
1 851
1 631
1 678
1 761
1 612
1 614
1 784
1 869
1 571
1 668
1 873
1 590
1 766
1 920
1 684
1 830
1 793
1 690
1 641
1 874
1 644
1 764
1 642
1 626
1 850
1 778
1 775
1 899
1 648
1 817
1 820
1 694
1 604
1 627
1 807
1 748
1 884
1 747
1 786
1 833
1 691
1 887
1 808
1 662
1 835
1 794
1 799
1 831
1 795
1 866
1 907
1 613
1 797
1 768
1 810
1 917
1 683
1 763
1 863
1 806
1 729
1 859
1 924
1 843
1 888
1 657
1 882
1 912
1 739
1 895
1 650
1 930
1 815
1 758
1 809
1 837
1 862
1 840
1 585
1 600
1 652
1 900
1 852
1 803
1 750
1 901
1 782
1 883
1 592
1 654
1 728
1 634
1 890
1 647
1 576
1 811
1 738
1 838
1 664
1 783
1 842
