0 0
1 1
1 2
1 3
0 4
1 5
1 6
1 7
1 8
1 9
1 10
0 11
1 12
0 13
0 14
1 15
0 16
1 17
1 18
0 19
1 20
1 21
0 22
0 23
0 24
1 25
0 26
1 27
0 28
0 29
1 30
1 31
0 32
0 33
0 34
0 35
1 36
1 37
0 38
0 39
0 40
0 41
1 42
1 43
1 44
0 45
0 46
0 47
0 48
1 49
0 50
1 51
0 52
0 53
0 54
0 55
1 56
1 57
1 58
0 59
0 60
0 61
1 62
1 63
0 64
1 65
1 66
1 67
1 68
1 69
1 70
0 71
0 72
0 73
0 74
1 75
1 76
1 77
0 78
0 79
0 80
0 81
0 82
1 83
1 84
1 85
1 86
1 87
1 88
1 89
1 90
0 91
0 92
0 93
0 94
0 95
0 96
1 97
1 98
0 99
1 100
0 101
1 102
1 103
1 104
1 105
1 106
0 107
1 108
0 109
1 110
0 111
1 112
0 113
0 114
1 115
1 116
0 117
0 118
0 119
1 120
0 121
1 122
0 123
1 124
0 125
1 126
0 127
0 128
0 129
0 130
1 131
1 132
0 133
1 134
1 135
1 136
1 137
0 138
1 139
0 140
0 141
1 142
1 143
1 144
1 145
1 146
0 147
0 148
1 149
1 150
0 151
0 152
0 153
1 154
1 155
0 156
1 157
0 158
0 159
0 160
1 161
0 162
1 163
0 164
0 165
0 166
0 167
0 168
0 169
0 170
0 171
1 172
1 173
0 174
1 175
1 176
1 177
0 178
1 179
1 180
0 181
1 182
0 183
0 184
0 185
0 186
1 187
1 188
1 189
1 190
1 191
1 192
1 193
0 194
1 195
0 196
0 197
1 198
0 199
0 200
0 201
0 202
0 203
1 204
1 205
1 206
1 207
0 208
0 209
1 210
1 211
1 212
1 213
0 214
1 215
1 216
1 217
0 218
0 219
0 220
0 221
1 222
1 223
1 224
1 225
0 226
1 227
1 228
1 229
0 230
1 231
0 232
0 233
1 234
1 235
0 236
1 237
1 238
1 239
0 240
0 241
0 242
0 243
1 244
1 245
0 246
1 247
0 248
0 249
1 250
0 251
1 252
0 253
1 254
0 255
0 256
0 257
0 258
1 259
1 260
0 261
1 262
0 263
1 264
0 265
0 266
0 267
1 268
1 269
1 270
1 271
1 272
0 273
0 274
0 275
1 276
0 277
0 278
1 279
1 280
0 281
1 282
1 283
1 284
0 285
1 286
0 287
0 288
0 289
1 290
1 291
0 292
1 293
0 294
0 295
0 296
0 297
1 298
1 299
1 300
0 301
0 302
1 303
1 304
1 305
0 306
1 307
0 308
1 309
0 310
0 311
0 312
1 313
0 314
0 315
1 316
0 317
0 318
0 319
0 320
0 321
1 322
0 323
1 324
0 325
1 326
0 327
1 328
0 329
1 330
1 331
1 332
0 333
1 334
0 335
1 336
1 337
0 338
1 339
0 340
0 341
0 342
1 343
0 344
1 345
0 346
0 347
1 348
1 349
0 350
1 351
1 352
1 353
0 354
0 355
1 356
1 357
1 358
1 359
1 360
0 361
0 362
0 363
1 364
0 365
1 366
0 367
0 368
0 369
0 370
1 371
0 372
1 373
1 374
0 375
0 376
0 377
0 378
1 379
1 380
0 381
0 382
0 383
0 384
0 385
0 386
1 387
1 388
0 389
1 390
1 391
0 392
0 393
0 394
0 395
0 396
0 397
0 398
0 399
1 400
1 401
1 402
1 403
1 404
1 405
0 406
1 407
1 408
0 409
1 410
1 411
0 412
0 413
1 414
0 415
0 416
0 417
0 418
0 419
0 420
1 421
1 422
0 423
0 424
0 425
0 426
1 427
1 428
0 429
1 430
1 431
1 432
1 433
0 434
0 435
0 436
1 437
1 438
0 439
0 440
0 441
0 442
0 443
1 444
1 445
1 446
1 447
0 448
1 449
1 450
1 451
1 452
1 453
0 454
1 455
0 456
1 457
0 458
1 459
0 460
0 461
0 462
0 463
0 464
1 465
0 466
0 467
1 468
0 469
0 470
1 471
1 472
1 473
1 474
1 475
1 476
0 477
0 478
1 479
1 480
1 481
1 482
0 483
1 484
0 485
1 486
0 487
1 488
0 489
0 490
0 491
1 492
0 493
0 494
0 495
1 496
1 497
1 498
1 499
0 500
0 501
1 502
0 503
0 504
1 505
1 506
1 507
1 508
1 509
1 510
1 511
1 512
1 513
1 514
0 515
0 516
0 517
0 518
0 519
0 520
0 521
1 522
0 523
0 524
0 525
1 526
0 527
1 528
0 529
0 530
0 531
1 532
0 533
0 534
1 535
1 536
1 537
1 538
1 539
1 540
0 541
0 542
0 543
0 544
1 545
0 546
0 547
0 548
1 549
0 550
1 551
0 552
1 553
0 554
1 555
0 556
1 557
1 558
0 559
1 560
1 561
1 562
1 563
0 564
1 565
1 566
0 567
1 568
0 569
1 570
0 571
0 572
0 573
1 574
0 575
1 576
1 577
0 578
1 579
0 580
0 581
0 582
0 583
0 584
0 585
1 586
1 587
1 588
1 589
1 590
1 591
1 592
1 593
0 594
1 595
0 596
1 597
0 598
0 599
1 600
1 601
0 602
1 603
0 604
1 605
