0 0
0 1
0 2
0 3
0 4
0 5
0 6
0 7
0 8
0 9
0 10
0 11
0 12
0 13
0 14
0 15
0 16
0 17
0 18
1 19
1 20
1 21
0 22
0 23
0 24
0 25
0 26
0 27
0 28
0 29
0 30
0 31
0 32
0 33
0 34
0 35
0 36
1 37
0 38
0 39
0 40
0 41
0 42
0 43
0 44
0 45
1 46
0 47
1 48
1 49
1 50
1 51
1 52
0 53
0 54
1 55
0 56
0 57
1 58
1 59
1 60
1 61
0 62
1 63
0 64
0 65
1 66
1 67
1 68
1 69
0 70
1 71
0 72
0 73
1 74
0 75
1 76
0 77
0 78
1 79
1 80
1 81
0 82
0 83
1 84
0 85
0 86
0 87
1 88
1 89
1 90
0 91
1 92
1 93
0 94
0 95
1 96
1 97
1 98
0 99
0 100
1 101
1 102
1 103
1 104
0 105
1 106
1 107
0 108
1 109
1 110
1 111
1 112
1 113
1 114
1 115
1 116
0 117
0 118
0 119
1 120
0 121
0 122
1 123
1 124
1 125
0 126
0 127
1 128
0 129
1 130
0 131
0 132
1 133
0 134
0 135
1 136
1 137
0 138
1 139
1 140
0 141
1 142
1 143
1 144
1 145
0 146
1 147
1 148
1 149
1 150
1 151
1 152
1 153
1 154
1 155
0 156
1 157
1 158
1 159
1 160
0 161
0 162
1 163
0 164
1 165
1 166
0 167
0 168
1 169
1 170
0 171
0 172
1 173
1 174
1 175
1 176
0 177
1 178
1 179
0 180
0 181
0 182
1 183
0 184
1 185
0 186
1 187
1 188
1 189
0 190
1 191
1 192
0 193
0 194
1 195
0 196
0 197
0 198
0 199
1 200
0 201
0 202
0 203
1 204
0 205
1 206
0 207
1 208
1 209
0 210
1 211
0 212
0 213
0 214
0 215
1 216
1 217
0 218
0 219
1 220
1 221
1 222
0 223
1 224
1 225
1 226
1 227
1 228
0 229
0 230
1 231
1 232
0 233
1 234
1 235
0 236
0 237
1 238
0 239
1 240
1 241
1 242
1 243
0 244
1 245
1 246
1 247
1 248
1 249
0 250
1 251
0 252
0 253
0 254
0 255
0 256
0 257
0 258
0 259
0 260
0 261
0 262
0 263
0 264
0 265
1 266
1 267
1 268
1 269
1 270
1 271
0 272
1 273
0 274
1 275
1 276
0 277
1 278
1 279
0 280
1 281
0 282
0 283
1 284
1 285
1 286
1 287
1 288
1 289
1 290
1 291
1 292
1 293
1 294
1 295
1 296
0 297
1 298
1 299
0 300
1 301
0 302
1 303
1 304
1 305
1 306
1 307
1 308
1 309
1 310
1 311
1 312
1 313
1 314
1 315
1 316
0 317
1 318
1 319
1 320
0 321
1 322
0 323
1 324
1 325
1 326
1 327
0 328
0 329
0 330
1 331
1 332
1 333
1 334
0 335
1 336
0 337
1 338
0 339
1 340
1 341
1 342
0 343
1 344
1 345
1 346
1 347
1 348
1 349
1 350
0 351
0 352
0 353
1 354
1 355
1 356
1 357
1 358
1 359
1 360
1 361
1 362
1 363
1 364
0 365
0 366
1 367
0 368
0 369
0 370
1 371
0 372
0 373
1 374
1 375
1 376
1 377
1 378
0 379
1 380
1 381
1 382
1 383
1 384
0 385
1 386
1 387
1 388
0 389
1 390
1 391
0 392
0 393
1 394
1 395
1 396
1 397
1 398
1 399
0 400
1 401
1 402
1 403
1 404
1 405
1 406
1 407
0 408
1 409
1 410
1 411
1 412
1 413
0 414
1 415
1 416
0 417
1 418
1 419
1 420
1 421
1 422
1 423
1 424
1 425
1 426
1 427
1 428
1 429
0 430
1 431
0 432
0 433
1 434
0 435
1 436
1 437
1 438
1 439
1 440
0 441
1 442
1 443
0 444
1 445
0 446
1 447
1 448
0 449
1 450
0 451
1 452
1 453
1 454
1 455
1 456
1 457
1 458
1 459
0 460
0 461
1 462
1 463
1 464
1 465
1 466
1 467
0 468
1 469
1 470
1 471
1 472
1 473
1 474
1 475
1 476
1 477
1 478
0 479
1 480
1 481
1 482
1 483
1 484
1 485
1 486
0 487
1 488
0 489
1 490
1 491
0 492
1 493
1 494
1 495
1 496
1 497
0 498
0 499
1 500
0 501
1 502
0 503
1 504
1 505
1 506
1 507
1 508
0 509
1 510
1 511
0 512
1 513
0 514
1 515
0 516
0 517
1 518
1 519
1 520
0 521
1 522
1 523
1 524
1 525
1 526
1 527
1 528
1 529
1 530
1 531
1 532
0 533
1 534
0 535
0 536
1 537
1 538
1 539
1 540
1 541
1 542
1 543
1 544
1 545
1 546
1 547
1 548
1 549
1 550
1 551
1 552
1 553
1 554
1 555
1 556
1 557
1 558
1 559
1 560
1 561
0 562
0 563
0 564
0 565
0 566
0 567
1 568
