0 0
1 1
0 2
1 3
0 4
1 5
0 6
1 7
0 8
1 9
0 10
1 11
0 12
1 13
0 14
1 15
0 16
1 17
0 18
1 19
0 20
1 21
0 22
1 23
0 24
1 25
0 26
1 27
0 28
1 29
0 30
1 31
0 32
1 33
0 34
1 35
0 36
1 37
0 38
1 39
0 40
1 41
0 42
1 43
0 44
1 45
0 46
1 47
0 48
1 49
0 50
1 51
0 52
1 53
0 54
1 55
0 56
1 57
0 58
1 59
0 60
1 61
0 62
1 63
0 64
1 65
0 66
1 67
0 68
1 69
0 70
1 71
0 72
1 73
0 74
1 75
0 76
1 77
0 78
1 79
0 80
1 81
0 82
1 83
0 84
1 85
0 86
1 87
0 88
1 89
0 90
1 91
0 92
1 93
0 94
1 95
0 96
0 97
1 98
0 99
1 100
0 101
1 102
0 103
1 104
0 105
1 106
0 107
1 108
0 109
1 110
0 111
1 112
0 113
1 114
0 115
1 116
0 117
1 118
0 119
1 120
0 121
1 122
0 123
1 124
0 125
1 126
0 127
1 128
0 129
1 130
0 131
1 132
0 133
1 134
0 135
1 136
0 137
1 138
0 139
1 140
0 141
1 142
0 143
1 144
0 145
1 146
0 147
1 148
0 149
1 150
0 151
1 152
0 153
1 154
0 155
1 156
0 157
1 158
0 159
1 160
0 161
1 162
0 163
1 164
0 165
1 166
0 167
1 168
0 169
1 170
0 171
1 172
0 173
1 174
0 175
1 176
0 177
1 178
0 179
1 180
0 181
1 182
0 183
1 184
0 185
1 186
0 187
1 188
0 189
1 190
0 191
1 192
0 193
1 194
0 195
1 196
0 197
1 198
0 199
1 200
0 201
1 202
0 203
1 204
0 205
1 206
0 207
1 208
0 209
1 210
0 211
1 212
0 213
1 214
0 215
1 216
0 217
1 218
0 219
1 220
0 221
1 222
0 223
1 224
0 225
1 226
0 227
1 228
0 229
1 230
0 231
1 232
0 233
1 234
0 235
1 236
0 237
1 238
0 239
1 240
0 241
1 242
0 243
1 244
0 245
1 246
0 247
1 248
0 249
1 250
0 251
1 252
0 253
0 254
0 255
0 256
0 257
0 258
0 259
0 260
0 261
0 262
0 263
0 264
0 265
0 266
0 267
0 268
0 269
0 270
0 271
0 272
0 273
0 274
0 275
0 276
0 277
0 278
0 279
0 280
0 281
0 282
0 283
0 284
0 285
0 286
0 287
0 288
0 289
0 290
0 291
0 292
0 293
0 294
0 295
0 296
0 297
0 298
0 299
0 300
0 301
0 302
0 303
0 304
0 305
0 306
0 307
0 308
0 309
0 310
0 311
0 312
0 313
0 314
0 315
0 316
0 317
0 318
0 319
0 320
0 321
0 322
0 323
0 324
0 325
0 326
0 327
0 328
0 329
0 330
0 331
0 332
0 333
0 334
0 335
0 336
0 337
0 338
0 339
0 340
0 341
0 342
0 343
0 344
0 345
0 346
0 347
0 348
0 349
0 350
