0 114
0 216
0 163
0 525
0 195
0 304
0 205
0 168
0 77
0 62
0 315
0 419
0 176
0 456
0 376
0 0
0 365
0 432
0 154
0 84
0 85
0 116
0 43
0 386
0 339
0 92
0 183
0 271
0 108
0 94
0 514
0 291
0 48
0 219
0 403
0 133
0 447
0 12
0 153
0 536
0 479
1 385
1 409
1 239
1 193
1 328
1 44
1 24
1 284
1 185
1 509
1 491
1 197
1 408
1 228
1 375
1 34
1 486
1 505
1 236
1 460
1 267
1 131
1 498
1 506
1 203
1 465
1 392
1 423
1 474
1 352
1 46
1 353
1 177
1 362
1 259
1 164
1 45
1 142
1 400
1 384
1 208
1 480
1 434
1 349
1 472
1 200
1 112
1 397
1 296
1 453
1 174
1 301
1 289
1 350
1 188
1 130
1 187
1 260
1 527
1 104
1 273
1 238
1 148
1 368
1 251
1 80
1 173
1 265
1 4
1 86
1 308
1 336
1 107
1 319
1 504
1 74
1 477
1 98
1 134
1 438
1 32
1 50
1 534
1 496
1 172
1 252
1 364
1 530
1 3
1 171
1 110
1 93
1 405
1 64
1 218
1 275
1 448
1 426
1 520
1 248
1 221
1 38
1 269
1 191
1 366
1 147
1 463
1 241
1 137
1 225
1 266
1 482
1 121
1 90
1 157
1 63
1 511
1 449
1 198
1 333
1 444
1 302
1 346
1 17
1 292
1 418
1 459
1 206
1 129
1 68
1 318
1 120
1 407
1 52
1 303
1 106
1 309
1 158
1 149
1 8
1 189
1 184
1 490
1 73
1 371
1 115
1 156
1 451
1 16
1 207
1 97
1 396
1 20
1 190
1 522
1 217
1 310
1 79
1 461
1 141
1 210
1 146
1 435
1 347
1 413
1 422
1 31
1 492
1 102
1 518
1 323
1 521
1 342
1 410
1 513
1 10
1 412
1 351
1 240
1 223
1 247
1 169
1 283
1 499
1 13
1 442
1 455
1 363
1 439
1 109
1 379
1 415
1 70
1 404
1 214
1 462
1 481
1 414
1 324
1 211
1 209
1 317
1 380
1 23
1 145
1 87
1 144
1 246
1 39
1 89
1 298
1 382
1 226
1 343
1 471
1 430
1 373
1 127
1 340
1 151
1 493
1 136
1 516
1 33
1 243
1 178
1 528
1 162
1 445
1 215
1 305
1 437
1 475
1 538
1 458
1 60
1 138
1 22
1 316
1 66
1 192
1 355
1 483
1 441
1 452
1 320
1 47
1 166
1 306
1 204
1 255
1 329
1 101
1 433
1 76
1 27
1 325
1 65
1 440
1 290
1 478
1 95
1 222
1 299
1 476
1 517
1 122
1 75
1 387
1 345
1 424
1 196
1 233
1 497
1 470
1 484
1 9
1 314
1 281
1 25
1 402
1 489
1 242
1 118
1 398
1 421
1 322
1 135
1 258
1 274
1 234
1 297
1 140
1 245
1 220
1 467
1 160
1 466
1 5
1 35
1 293
1 67
1 468
1 425
1 40
1 99
1 512
1 82
1 167
1 55
1 78
1 235
1 253
1 286
1 244
1 331
1 464
1 280
1 263
1 230
1 54
1 279
1 15
1 332
1 229
1 300
1 501
1 359
1 272
1 61
1 450
1 454
1 420
1 529
1 360
1 312
1 494
1 125
1 186
1 182
1 26
1 128
1 519
1 254
1 502
1 11
1 378
1 372
1 268
1 123
1 42
1 18
1 495
1 393
1 358
1 56
1 500
1 278
1 126
1 29
1 327
1 388
1 523
1 132
1 313
1 161
1 524
1 51
1 427
1 49
1 37
1 139
1 119
1 21
1 7
1 337
1 175
1 341
1 406
1 335
1 276
1 508
1 391
1 344
1 367
1 307
1 113
1 88
1 457
1 383
1 436
1 539
1 212
1 194
1 473
1 399
1 285
1 411
1 124
1 143
1 537
1 2
1 443
1 334
1 155
1 179
1 270
1 71
1 201
1 377
1 6
1 417
1 429
1 264
1 181
1 165
1 535
1 369
1 100
1 294
1 428
1 28
1 326
1 30
1 250
1 202
1 330
1 288
1 356
1 515
1 488
1 469
1 262
1 485
1 287
1 199
1 170
1 357
1 533
1 321
1 213
1 446
1 531
1 83
