0 845
0 255
0 38
0 877
0 231
0 187
0 256
0 152
0 210
0 847
0 277
0 894
0 240
0 10
0 233
0 866
0 115
0 98
0 105
0 195
0 5
0 219
0 262
0 147
0 49
0 241
0 268
0 102
0 883
0 904
0 889
0 864
0 116
0 857
0 166
0 77
0 860
0 8
0 851
0 46
0 29
0 139
0 76
0 271
0 51
0 137
0 1
0 180
0 173
0 260
0 907
0 867
0 184
0 161
0 12
0 201
0 111
0 221
0 135
0 237
0 132
0 59
0 81
0 37
0 215
0 123
0 74
0 16
0 186
0 88
0 884
0 238
0 65
0 108
0 840
0 141
0 841
0 267
0 128
0 275
0 205
0 120
0 182
0 107
0 160
0 67
0 903
0 142
0 58
0 265
0 279
0 204
0 57
0 52
0 212
0 11
0 94
0 227
0 890
0 140
0 34
0 175
0 73
0 104
0 168
0 888
0 176
0 169
0 35
0 60
0 257
0 109
0 859
0 259
0 239
0 905
0 33
0 149
0 30
0 150
0 276
0 197
0 106
0 172
0 71
0 214
0 156
0 79
0 209
0 200
0 157
0 879
0 43
0 196
0 249
0 224
0 144
0 228
0 869
0 154
0 69
0 194
0 151
0 44
0 148
0 850
0 868
0 870
0 244
0 177
0 50
0 122
0 93
0 78
0 53
0 881
0 854
0 901
0 876
0 895
0 83
0 112
0 213
0 14
0 188
0 892
0 125
0 216
0 131
0 97
0 124
0 9
0 171
0 126
0 191
0 206
0 47
0 861
0 849
0 891
0 207
0 185
0 54
0 283
0 174
0 4
0 246
0 42
0 897
0 222
0 162
0 242
0 217
0 146
0 70
0 99
0 261
0 6
0 80
0 114
0 193
0 230
0 24
0 100
0 873
0 68
0 878
0 143
0 103
0 64
0 248
0 163
0 26
0 75
0 41
0 853
0 846
0 119
0 274
0 838
0 72
0 130
0 245
0 856
0 863
0 211
0 178
0 273
0 234
0 20
0 280
0 199
0 87
0 251
0 86
0 192
0 82
0 155
0 153
0 250
0 91
0 254
0 84
0 19
0 121
0 36
0 908
0 263
0 898
0 886
0 56
0 232
0 61
0 223
0 3
0 852
0 55
0 183
0 865
0 89
0 896
0 133
0 843
0 906
0 198
0 22
0 164
0 278
0 189
0 145
0 101
0 181
0 129
0 882
0 842
0 138
0 136
0 134
0 893
0 179
0 855
0 48
0 90
0 272
0 110
0 25
0 117
0 203
0 264
0 243
0 862
0 32
0 208
0 253
0 167
0 62
0 229
0 844
0 27
0 900
0 96
0 837
0 880
0 92
0 270
0 170
0 21
0 902
0 887
0 7
0 281
0 247
0 252
0 839
0 23
0 31
0 220
0 159
0 235
0 258
1 487
1 772
1 828
1 692
1 1013
1 818
1 546
1 479
1 595
1 476
1 1033
1 359
1 712
1 829
1 305
1 797
1 489
1 329
1 745
1 515
1 579
1 646
1 777
1 704
1 528
1 471
1 495
1 655
1 295
1 979
1 697
1 822
1 982
1 621
1 573
1 603
1 447
1 575
1 734
1 548
1 936
1 934
1 644
1 349
1 918
1 326
1 1017
1 960
1 954
1 928
1 650
1 532
1 332
1 567
1 823
1 683
1 1045
1 632
1 545
1 781
1 1000
1 530
1 356
1 500
1 762
1 344
1 983
1 988
1 313
1 547
1 456
1 339
1 732
1 408
1 1051
1 714
1 800
1 318
1 769
1 529
1 297
1 808
1 770
1 543
1 514
1 785
1 1043
1 742
1 961
1 1008
1 426
1 738
1 593
1 950
1 968
1 594
1 467
1 419
1 766
1 430
1 835
1 631
1 820
1 941
1 454
1 303
1 378
1 702
1 731
1 765
1 373
1 784
1 490
1 803
1 583
1 395
1 410
1 798
1 320
1 399
1 289
1 725
1 926
1 1042
1 481
1 737
1 438
1 563
1 955
1 484
1 780
1 1011
1 649
1 372
1 404
1 512
1 768
1 670
1 401
1 342
1 523
1 389
1 735
1 1012
1 613
1 978
1 586
1 478
1 1002
1 608
1 701
1 599
1 492
1 301
1 308
1 368
1 677
1 472
1 505
1 977
1 746
1 470
1 581
1 1048
1 668
1 760
1 819
1 510
1 973
1 460
1 293
1 488
1 660
1 923
1 910
1 749
1 673
1 1039
1 771
1 614
1 1007
1 591
1 696
1 793
1 629
1 799
1 1024
1 748
1 324
1 468
1 542
1 317
1 836
1 989
1 949
1 940
1 736
1 963
1 652
1 1026
1 294
1 518
1 639
1 442
1 710
1 406
1 656
1 986
1 633
1 730
1 917
1 814
1 496
1 661
1 463
1 464
1 959
1 717
1 434
1 741
1 833
1 524
1 475
1 453
1 433
1 931
1 549
1 560
1 927
1 740
1 706
1 640
1 346
1 1046
1 347
1 648
1 377
1 429
1 753
1 526
1 813
1 371
1 392
1 407
1 436
1 420
1 946
1 601
1 559
1 328
1 335
1 288
1 396
1 787
1 556
1 340
1 995
1 993
1 984
1 658
1 727
1 750
1 448
1 915
1 452
1 469
1 681
1 994
1 564
1 698
1 473
1 763
1 824
1 1021
1 348
1 398
1 647
1 783
1 721
1 711
1 540
1 713
1 687
1 774
1 932
1 830
1 446
1 776
1 527
1 520
1 459
1 486
1 804
1 600
1 937
1 585
1 792
1 947
1 330
1 285
1 722
1 1050
1 353
1 925
1 588
1 997
1 312
1 654
1 334
1 441
1 388
1 310
1 990
1 971
1 345
1 539
1 553
1 810
1 605
1 657
1 672
1 812
1 969
1 625
1 720
1 956
1 565
1 457
1 386
1 643
1 498
1 537
1 920
1 1001
1 726
1 1015
1 362
1 817
1 316
1 443
1 663
1 483
1 571
1 795
1 1018
1 319
1 659
1 1044
1 1004
1 912
1 302
1 1054
1 708
1 504
1 674
1 914
1 1030
1 939
1 322
1 671
1 1023
1 779
1 805
1 299
1 354
1 1034
1 465
1 816
1 962
1 338
1 637
1 336
1 972
1 415
1 566
1 627
1 519
1 662
1 764
1 691
1 558
1 981
1 1022
1 428
1 1029
1 522
1 815
1 290
1 933
1 449
1 439
1 361
1 1014
1 466
1 541
1 636
1 751
1 578
1 610
1 298
1 686
1 980
1 921
1 1019
1 739
1 590
1 966
1 445
1 587
1 1049
1 1032
1 620
1 534
1 930
1 393
1 432
1 695
1 801
1 358
1 948
1 786
1 754
1 550
1 826
1 832
1 366
1 493
1 440
1 653
1 450
1 952
1 616
1 919
1 645
1 589
1 384
1 723
1 1047
1 562
1 491
1 1052
1 606
1 509
1 665
1 1036
1 716
1 394
1 569
1 609
1 747
1 623
1 685
1 403
1 535
1 444
1 916
1 987
1 700
1 383
1 497
1 624
1 1006
1 381
1 1016
1 412
1 536
1 957
1 501
1 719
1 323
1 402
1 729
1 831
1 664
1 911
1 1037
1 974
1 1020
1 602
1 913
1 757
1 975
1 409
1 998
1 400
1 455
1 756
1 992
1 499
1 788
1 580
1 574
1 678
1 506
1 1028
1 807
1 709
1 782
1 411
1 417
1 796
1 422
1 728
1 758
1 634
1 743
1 790
1 555
1 387
1 416
1 462
1 794
1 304
1 1005
1 351
1 778
1 642
1 999
1 306
1 360
1 494
1 577
1 357
1 325
1 331
1 315
1 474
1 811
1 667
1 1041
1 405
1 291
1 341
1 596
1 611
1 592
1 693
1 821
1 970
1 425
1 1035
1 1038
1 775
1 380
1 597
1 619
1 363
1 333
1 951
1 626
1 385
1 967
1 511
1 1009
1 791
1 427
1 350
1 437
1 370
1 635
1 461
1 379
1 705
1 576
1 689
1 391
1 958
1 675
1 744
1 669
1 374
1 485
1 458
1 364
1 414
1 382
1 513
1 355
1 568
1 715
1 694
1 945
1 321
1 369
1 413
1 759
1 296
1 628
1 300
1 521
1 622
1 612
1 809
1 367
1 352
1 451
1 286
1 976
1 825
1 1025
1 651
1 544
1 618
1 630
1 755
1 638
1 733
1 953
1 944
1 376
1 991
1 502
1 311
1 680
1 965
1 508
1 935
1 365
1 292
1 477
1 531
1 806
1 314
1 337
1 752
1 1031
1 1027
1 688
1 538
